99
496.000000
982.000000
1458.000000
1924.000000
2380.000000
2826.000000
3262.000000
3688.000000
4104.000000
4510.000000
4906.000000
5292.000000
5668.000000
6034.000000
6390.000000
6736.000000
7072.000000
7398.000000
7714.000000
8020.000000
8316.000000
8602.000000
8878.000000
9144.000000
9400.000000
9646.000000
9882.000000
10108.000000
10324.000000
10530.000000
10726.000000
10912.000000
11088.000000
11254.000000
11410.000000
11556.000000
11692.000000
11818.000000
11934.000000
12040.000000
12136.000000
12222.000000
12298.000000
12364.000000
12420.000000
12466.000000
12502.000000
12528.000000
12544.000000
12550.000000
12546.000000
12532.000000
12508.000000
12474.000000
12430.000000
12376.000000
12312.000000
12238.000000
12154.000000
12060.000000
11956.000000
11842.000000
11718.000000
11584.000000
11440.000000
11286.000000
11122.000000
10948.000000
10764.000000
10570.000000
10366.000000
10152.000000
9928.000000
9694.000000
9450.000000
9196.000000
8932.000000
8658.000000
8374.000000
8080.000000
7776.000000
7462.000000
7138.000000
6804.000000
6460.000000
6106.000000
5742.000000
5368.000000
4984.000000
4590.000000
4186.000000
3772.000000
3348.000000
2914.000000
2470.000000
2016.000000
1552.000000
1078.000000
594.000000
