49
982.000000
1924.000000
2826.000000
3688.000000
4510.000000
5292.000000
6034.000000
6736.000000
7398.000000
8020.000000
8602.000000
9144.000000
9646.000000
10108.000000
10530.000000
10912.000000
11254.000000
11556.000000
11818.000000
12040.000000
12222.000000
12364.000000
12466.000000
12528.000000
12550.000000
12532.000000
12474.000000
12376.000000
12238.000000
12060.000000
11842.000000
11584.000000
11286.000000
10948.000000
10570.000000
10152.000000
9694.000000
9196.000000
8658.000000
8080.000000
7462.000000
6804.000000
6106.000000
5368.000000
4590.000000
3772.000000
2914.000000
2016.000000
1078.000000
