69
705.510204
1390.612245
2055.306122
2699.591837
3323.469388
3926.938776
4510.000000
5072.653061
5614.897959
6136.734694
6638.163265
7119.183673
7579.795918
8020.000000
8439.795918
8839.183673
9218.163265
9576.734694
9914.897959
10232.653061
10530.000000
10806.938776
11063.469388
11299.591837
11515.306122
11710.612245
11885.510204
12040.000000
12174.081633
12287.755102
12381.020408
12453.877551
12506.326531
12538.367347
12550.000000
12541.224490
12512.040816
12462.448980
12392.448980
12302.040816
12191.224490
12060.000000
11908.367347
11736.326531
11543.877551
11331.020408
11097.755102
10844.081633
10570.000000
10275.510204
9960.612245
9625.306122
9269.591837
8893.469388
8496.938776
8080.000000
7642.653061
7184.897959
6706.734694
6208.163265
5689.183673
5149.795918
4590.000000
4009.795918
3409.183673
2788.163265
2146.734694
1484.897959
802.653061
