125
0.603782
0.566981
0.006738
0.602050
0.596705
0.587649
0.484944
0.369657
0.006738
0.190708
0.574836
0.074269
0.603398
0.122885
0.537425
0.448332
0.335665
0.207509
0.592753
0.383026
0.050393
0.522408
0.246140
0.537142
0.006738
0.152794
0.573272
0.365719
0.442110
0.147078
0.570746
0.581806
0.006738
0.517558
0.500551
0.557660
0.113180
0.081917
0.218627
0.394760
0.240627
0.353820
0.599888
0.556729
0.085797
0.116677
0.182087
0.141373
0.211214
0.177302
0.273996
0.325542
0.497704
0.470377
0.422494
0.473025
0.495910
0.272324
0.436706
0.413056
0.309955
0.386175
0.548217
0.006738
0.006738
0.537192
0.441790
0.481687
0.446174
0.288595
0.404488
0.355307
0.264383
0.139152
0.525179
0.006738
0.006738
0.327888
0.193606
0.006738
0.511832
0.053782
0.081926
0.297177
0.464742
0.353102
0.341238
0.496504
0.074448
0.097870
0.473590
0.186248
0.497521
0.179423
0.124195
0.381085
0.243083
0.446109
0.006738
0.086960
0.413264
0.006738
0.079708
0.410509
0.380052
0.138298
0.155602
0.314800
0.314661
0.227316
0.240010
0.368096
0.233580
0.295690
0.257227
0.426257
0.329083
0.407761
0.558087
0.006738
0.518364
0.265759
0.066751
0.177839
0.465452
