15
5366.263450
34845173.324965
-317118626878.979492
3609634425971088.000000
49637704351196971008.000000
2208372319878136855527424.000000
-9583094517429528861949820928.000000
67045416720093303732463181234176.000000
8510467613490589758912135470560313344.000000
-120492574250706543183414447623374276395008.000000
-1349514402427606531585368234067263368328118272.000000
-27726642734921203264787316973605083098607654010880.000000
188083440222579833454059564855004988038281086065704960.000000
3409049459541060263004933561392050941595365395105843249152.000000
4139847768470599546575426503917872925717217806546292193624064.000000
