125
0.604851
0.568468
0.006738
0.603104
0.597975
0.588889
0.485983
0.370459
0.006738
0.191475
0.576324
0.074476
0.604443
0.123494
0.538403
0.449007
0.335923
0.208014
0.593965
0.383771
0.050577
0.523741
0.246716
0.538503
0.006738
0.153525
0.574305
0.365961
0.442796
0.147572
0.571739
0.583145
0.006738
0.518550
0.501751
0.559015
0.113541
0.082190
0.219308
0.395116
0.241016
0.354357
0.601092
0.557948
0.086337
0.117204
0.182669
0.141583
0.211767
0.177767
0.274485
0.326263
0.498800
0.471405
0.422933
0.473805
0.496796
0.272784
0.437515
0.413716
0.310289
0.386528
0.549253
0.006738
0.006738
0.537942
0.442366
0.482253
0.446829
0.289283
0.404704
0.355411
0.264457
0.139341
0.525970
0.006738
0.006738
0.327996
0.194346
0.006738
0.512419
0.053990
0.082099
0.297379
0.465328
0.353652
0.341769
0.497194
0.074691
0.098063
0.474160
0.186396
0.497951
0.179523
0.124777
0.381270
0.243415
0.446644
0.006738
0.087272
0.413656
0.006738
0.079973
0.411131
0.380491
0.138782
0.155897
0.315503
0.314740
0.227364
0.240129
0.368460
0.234137
0.296157
0.257834
0.426776
0.329840
0.408375
0.559484
0.006738
0.519514
0.266503
0.067076
0.178564
0.466308
