125
0.602680
0.566005
0.006738
0.600954
0.595625
0.586597
0.484026
0.368918
0.006738
0.190325
0.573830
0.074108
0.602293
0.122642
0.536360
0.447375
0.334915
0.207037
0.591680
0.382237
0.050293
0.521388
0.245606
0.536165
0.006738
0.152474
0.572173
0.364908
0.441179
0.146751
0.569655
0.580769
0.006738
0.516513
0.499578
0.556621
0.112927
0.081740
0.218166
0.393889
0.240082
0.353061
0.598791
0.555660
0.085622
0.116425
0.181688
0.141051
0.210740
0.176896
0.273385
0.324859
0.496691
0.469419
0.421578
0.472028
0.494877
0.271703
0.435837
0.412185
0.309255
0.385331
0.547298
0.006738
0.006738
0.536303
0.440995
0.480950
0.445528
0.288057
0.403937
0.354861
0.264098
0.139039
0.524324
0.006738
0.006738
0.327493
0.193274
0.006738
0.511012
0.053694
0.081870
0.296835
0.464046
0.352463
0.340690
0.495647
0.074331
0.097776
0.472798
0.186076
0.496736
0.179225
0.123978
0.380583
0.242734
0.445387
0.006738
0.086853
0.412539
0.006738
0.079596
0.409877
0.379409
0.138077
0.155384
0.314253
0.314243
0.227086
0.239715
0.367561
0.233201
0.295236
0.256770
0.425651
0.328443
0.406984
0.557132
0.006738
0.517442
0.265229
0.066627
0.177505
0.464583
